0.05085802
0.04441477
0.03843160
0.03290606
0.02783473
0.02321331
0.01903660
0.01529853
0.01199219
0.00910985
0.00664300
0.00458239
0.00291802
0.00163922
0.00073467
0.00019244
0.00000000
0.00014432
0.00061185
0.00138860
0.00246016
0.00381177
0.00542833
0.00729447
0.00939458
0.01171287
0.01423339
0.01694010
0.01981690
0.02284766
0.02601631
0.02930683
0.03270332
0.03619003
0.03975141
0.04337213
0.04703715
0.05073173
0.05444145
0.05815229
0.06185063
0.06552327
0.06915750
0.07274109
0.07626230
0.07970997
0.08307347
0.08634276
0.08950839
0.09256152
0.09549393
0.09829803
0.10096687
0.10349416
0.10587424
0.10810212
0.11017345
0.11208454
0.11383234
0.11541446
0.11682911
0.11807514
0.11915203
0.12005982
0.12079918
0.12137130
0.12177795
0.12202142
0.12210451
0.12203051
0.12180315
0.12142663
0.12090554
0.12024487
0.11944996
0.11852649
0.11748042
0.11631802
0.11504577
0.11367038
0.11219875
0.11063793
0.10899508
0.10727748
0.10549245
0.10364736
0.10174960
0.09980652
0.09782543
0.09581355
0.09377803
0.09172586
0.08966391
0.08759885
0.08553716
0.08348513
0.08144877
0.07943387
0.07744593
0.07549017
0.07357150
0.07169451
0.06986349
0.06808237
0.06635473
0.06468382
0.06307252
0.06152333
0.06003842
0.05861959
0.05726824
0.05598545
0.05477192
0.05362801
0.05255371
0.05154868
0.05061228
0.04974349
0.04894104
0.04820331
0.04752845
0.04691429
0.04635845
0.04585828
0.04541094
0.04501335
0.04466228
0.04435433
0.04408594
0.04385343
0.04365303
0.04348086
0.04333300
0.04320547
0.04309428
0.04299543
0.04290493
0.04281884
0.04273328
0.04264443
0.04254859
0.04244215
0.04232163
0.04218373
0.04202529
0.04184332
0.04163504
0.04139788
0.04112947
0.04082769
0.04049066
0.04011673
0.03970454
0.03925297
0.03876117
0.03822859
0.03765494
0.03704022
0.03638469
0.03568893
0.03495376
0.03418030
0.03336995
0.03252435
0.03164543
0.03073535
0.02979654
0.02883164
0.02784354
0.02683533
0.02581030
0.02477194
0.02372388
0.02266996
0.02161413
0.02056046
0.01951316
0.01847650
0.01745484
0.01645261
0.01547426
0.01452426
0.01360708
0.01272718
0.01188898
0.01109685
0.01035506
0.00966782
0.00903922
0.00847319
0.00797356
0.00754397
0.00718789
0.00690858
0.00670911
0.00659232
0.00656080
0.00661691
0.00676273
0.00700009
0.00733050
0.00775523
0.00827521
0.00889108
0.00960317
0.01041150
0.01131578
0.01231537
0.01340935
0.01459645
0.01587510
0.01724340
0.01869917
0.02023988
0.02186275
0.02356467
0.02534227
0.02719190
0.02910964
0.03109135
0.03313262
0.03522883
0.03737516
0.03956658
0.04179790
0.04406375
0.04635864
0.04867694
0.05101292
0.05336077
0.05571462
0.05806851
0.06041652
0.06275267
0.06507102
0.06736567
0.06963075
0.07186049
0.07404922
0.07619136
0.07828149
0.08031434
0.08228482
0.08418801
0.08601923
0.08777402
0.08944814
0.09103765
0.09253886
0.09394836
0.09526308
0.09648022
0.09759733
0.09861229
0.09952333
0.10032901
0.10102828
0.10162042
0.10210511
0.10248236
0.10275260
0.10291660
0.10297551
0.10293084
0.10278450
0.10253871
0.10219610
0.10175960
0.10123252
0.10061848
0.09992143
0.09914562
0.09829561
0.09737623
0.09639258
0.09535002
0.09425415
0.09311077
0.09192591
0.09070574
0.08945664
0.08818509
0.08689773
0.08560127
0.08430251
0.08300831
0.08172557
0.08046119
0.07922208
0.07801509
0.07684704
0.07572467
0.07465461
0.07364338
0.07269736
0.07182276
0.07102563
0.07031177
0.06968680
0.06915609
0.06872474
0.06839757
0.06817912
0.06807362
0.06808498
0.06821674
0.06847215
0.06885403
0.06936489
0.07000682
0.07078153
0.07169035
0.07273419
0.07391355
0.07522854
0.07667885
0.07826375
0.07998212
0.08183240
0.08381265
0.08592052
0.08815327
0.09050775
0.09298045
0.09556749
0.09826460
0.10106721
0.10397036
0.10696879
0.11005695
0.11322896
0.11647869
0.11979974
0.12318546
0.12662900
0.13012329
0.13366108
0.13723496
0.14083737
0.14446065
0.14809701
0.15173862
0.15537758
0.15900594
0.16261578
0.16619916
0.16974820
0.17325507
0.17671202
0.18011141
0.18344570
0.18670754
0.18988970
0.19298516
0.19598712
0.19888896
0.20168436
0.20436721
0.20693171
0.20937233
0.21168386
0.21386142
0.21590043
0.21779670
0.21954637
0.22114594
0.22259230
0.22388272
0.22501486
0.22598677
0.22679689
0.22744407
0.22792755
0.22824700
0.22840245
0.22839437
0.22822359
0.22789136
0.22739929
0.22674939
0.22594404
0.22498597
0.22387827
0.22262437
0.22122804
0.21969336
0.21802472
0.21622678
0.21430450
0.21226309
0.21010800
0.20784490
0.20547969
0.20301843
0.20046738
0.19783293
0.19512160
0.19234005
0.18949500
0.18659327
0.18364172
0.18064724
0.17761675
0.17455714
0.17147529
0.16837802
0.16527211
0.16216423
0.15906095
0.15596874
0.15289392
0.14984264
0.14682090
0.14383451
0.14088907
0.13798996
0.13514235
0.13235115
0.12962102
0.12695636
0.12436129
0.12183966
0.11939501
0.11703058
0.11474932
0.11255386
0.11044652
0.10842930
0.10650388
0.10467162
0.10293356
0.10129042
0.09974260
0.09829020
0.09693298
0.09567042
0.09450168
0.09342565
0.09244091
0.09154577
0.09073829
0.09001625
0.08937718
0.08881838
0.08833694
0.08792972
0.08759339
0.08732442
0.08711914
0.08697370
0.08688411
0.08684627
0.08685596
0.08690886
0.08700060
0.08712670
0.08728269
0.08746402
0.08766618
0.08788461
0.08811481
0.08835229
0.08859263
0.08883146
0.08906451
0.08928758
0.08949660
0.08968761
0.08985681
0.09000052
0.09011524
0.09019763
0.09024456
0.09025306
0.09022039
0.09014400
0.09002159
0.08985105
0.08963055
0.08935845
0.08903339
0.08865424
0.08822014
0.08773046
0.08718485
0.08658321
0.08592568
0.08521266
0.08444483
0.08362310
0.08274861
0.08182278
0.08084725
0.07982390
0.07875481
0.07764232
0.07648895
0.07529745
0.07407074
0.07281195
0.07152435
0.07021141
0.06887674
0.06752409
0.06615734
0.06478048
0.06339763
0.06201299
0.06063082
0.05925548
0.05789136
0.05654289
0.05521455
0.05391080
0.05263612
0.05139497
0.05019179
0.04903095
0.04791681
0.04685362
0.04584559
0.04489680
0.04401125
0.04319283
0.04244528
0.04177221
0.04117710
0.04066325
0.04023381
0.03989174
0.03963982
0.03948065
0.03941661
0.03944989
0.03958247
0.03981609
0.04015231
0.04059243
0.04113753
0.04178847
0.04254587
0.04341011
0.04438134
0.04545949
0.04664422
0.04793500
0.04933105
0.05083135
0.05243467
0.05413957
0.05594437
0.05784719
0.05984596
0.06193838
0.06412199
0.06639411
0.06875192
0.07119239
0.07371237
0.07630854
0.07897742
0.08171541
0.08451880
0.08738375
0.09030631
0.09328245
0.09630806
0.09937895
0.10249087
0.10563952
0.10882056
0.11202962
0.11526233
0.11851428
0.12178110
0.12505842
0.12834189
0.13162719
0.13491008
0.13818633
0.14145181
0.14470246
0.14793429
0.15114340
0.15432602
0.15747845
0.16059715
0.16367866
0.16671969
0.16971705
0.17266772
0.17556882
0.17841761
0.18121154
0.18394819
0.18662531
0.18924084
0.19179286
0.19427965
0.19669964
0.19905146
0.20133389
0.20354589
0.20568662
0.20775539
0.20975168
0.21167515
0.21352563
0.21530311
0.21700774
0.21863983
0.22019985
0.22168841
0.22310627
0.22445433
0.22573363
0.22694533
0.22809071
0.22917117
0.23018822
0.23114348
0.23203866
0.23287555
0.23365603
0.23438206
0.23505565
0.23567888
0.23625388
0.23678284
0.23726794
0.23771144
0.23811558
0.23848265
0.23881490
0.23911463
0.23938408
0.23962552
0.23984115
0.24003319
0.24020377
0.24035502
0.24048899
0.24060770
0.24071309
0.24080704
0.24089136
0.24096778
0.24103795
0.24110344
0.24116572
0.24122617
0.24128609
0.24134665
0.24140896
0.24147399
0.24154263
0.24161565
0.24169371
0.24177738
0.24186710
0.24196322
0.24206598
0.24217550
0.24229180
0.24241480
0.24254432
0.24268008
0.24282168
0.24296866
0.24312043
0.24327635
0.24343567
0.24359755
0.24376110
0.24392535
0.24408923
0.24425165
0.24441143
0.24456736
0.24471815
0.24486249
0.24499903
0.24512639
0.24524313
0.24534785
0.24543907
0.24551534
0.24557519
0.24561717
0.24563981
0.24564168
0.24562134
0.24557741
0.24550850
0.24541329
0.24529047
0.24513881
0.24495710
0.24474421
0.24449905
0.24422060
0.24390791
0.24356011
0.24317641
0.24275607
0.24229847
0.24180307
0.24126939
0.24069708
0.24008587
0.23943557
0.23874612
0.23801754
0.23724996
0.23644359
0.23559877
0.23471593
0.23379561
0.23283845
0.23184517
0.23081662
0.22975375
0.22865758
0.22752925
0.22636999
0.22518112
0.22396404
0.22272027
0.22145136
0.22015899
0.21884490
0.21751088
0.21615882
0.21479066
0.21340840
0.21201411
0.21060989
0.20919791
0.20778035
0.20635945
0.20493747
0.20351672
0.20209949
0.20068811
0.19928491
0.19789224
0.19651243
0.19514780
0.19380068
0.19247335
0.19116810
0.18988716
0.18863274
0.18740701
0.18621209
0.18505006
0.18392292
0.18283263
0.18178109
0.18077010
0.17980143
0.17887673
0.17799760
0.17716552
0.17638192
0.17564811
0.17496530
0.17433463
0.17375711
0.17323366
0.17276509
0.17235210
0.17199530
0.17169515
0.17145203
0.17126621
0.17113782
0.17106691
0.17105339
0.17109707
0.17119765
0.17135472
0.17156774
0.17183610
0.17215905
0.17253575
0.17296526
0.17344654
0.17397844
0.17455975
0.17518912
0.17586516
0.17658638
0.17735120
0.17815798
0.17900501
0.17989050
0.18081261
0.18176944
0.18275904
0.18377941
0.18482851
0.18590426
0.18700456
0.18812727
0.18927023
0.19043128
0.19160824
0.19279891
0.19400112
0.19521269
0.19643145
0.19765526
0.19888197
0.20010950
0.20133578
0.20255877
0.20377648
0.20498698
0.20618836
0.20737880
0.20855650
0.20971977
0.21086695
0.21199646
0.21310680
0.21419656
0.21526437
0.21630898
0.21732921
0.21832397
0.21929227
0.22023318
0.22114590
0.22202970
0.22288395
0.22370811
0.22450175
0.22526453
0.22599618
0.22669657
0.22736562
0.22800338
0.22860996
0.22918558
0.22973055
0.23024525
0.23073016
0.23118583
0.23161289
0.23201206
0.23238412
0.23272992
0.23305038
0.23334648
0.23361927
0.23386983
0.23409932
0.23430892
0.23449987
0.23467345
0.23483096
0.23497374
0.23510315
0.23522056
0.23532737
0.23542498
0.23551481
0.23559827
0.23567677
0.23575170
0.23582446
0.23589642
0.23596892
0.23604329
0.23612083
0.23620279
0.23629040
0.23638484
0.23648725
0.23659873
0.23672030
0.23685295
0.23699762
0.23715516
0.23732639
0.23751204
0.23771279
0.23792925
0.23816195
0.23841137
0.23867790
0.23896186
0.23926351
0.23958302
0.23992049
0.24027596
0.24064939
0.24104067
0.24144961
0.24187596
0.24231939
0.24277953
0.24325591
0.24374803
0.24425530
0.24477710
0.24531273
0.24586145
0.24642247
0.24699495
0.24757802
0.24817074
0.24877215
0.24938128
0.24999709
0.25061854
0.25124456
0.25187406
0.25250595
0.25313912
0.25377244
0.25440480
0.25503508
0.25566218
0.25628498
0.25690242
0.25751340
0.25811689
0.25871185
0.25929730
0.25987226
0.26043581
0.26098705
0.26152512
0.26204923
0.26255859
0.26305251
0.26353032
0.26399140
0.26443520
0.26486123
0.26526902
0.26565822
0.26602849
0.26637957
0.26671126
0.26702344
0.26731601
0.26758898
0.26784239
0.26807635
0.26829104
0.26848669
0.26866359
0.26882209
0.26896260
0.26908558
0.26919154
0.26928105
0.26935471
0.26941320
0.26945720
0.26948746
0.26950476
0.26950992
0.26950379
0.26948723
0.26946116
0.26942649
0.26938418
0.26933517
0.26928044
0.26922098
0.26915776
0.26909177
0.26902401
0.26895544
0.26888704
0.26881977
0.26875458
0.26869239
0.26863411
0.26858061
0.26853276
0.26849138
0.26845725
0.26843114
0.26841376
0.26840579
0.26840787
0.26842059
0.26844450
0.26848011
0.26852787
0.26858818
0.26866140
0.26874783
0.26884773
0.26896130
0.26908869
0.26923000
0.26938528
0.26955452
0.26973768
0.26993466
0.27014530
0.27036942
0.27060677
0.27085707
0.27112000
0.27139520
0.27168227
0.27198076
0.27229022
0.27261015
0.27294002
0.27327929
0.27362738
0.27398371
0.27434767
0.27471865
0.27509602
0.27547915
0.27586741
0.27626015
0.27665675
0.27705659
0.27745905
0.27786352
0.27826942
0.27867619
0.27908327
0.27949015
0.27989633
0.28030135
0.28070477
0.28110619
0.28150526
0.28190164
0.28229506
0.28268527
0.28307207
0.28345531
0.28383488
0.28421072
0.28458281
0.28495119
0.28531593
0.28567716
0.28603505
0.28638983
0.28674177
0.28709118
0.28743841
0.28778388
0.28812801
0.28847129
0.28881425
0.28915744
0.28950145
0.28984689
0.29019443
0.29054473
0.29089849
0.29125643
0.29161928
0.29198778
0.29236270
0.29274479
0.29313482
0.29353354
0.29394172
0.29436011
0.29478943
0.29523040
0.29568373
0.29615008
0.29663010
0.29712440
0.29763355
0.29815810
0.29869853
0.29925529
0.29982879
0.30041936
0.30102729
0.30165281
0.30229609
0.30295724
0.30363628
0.30433319
0.30504786
0.30578012
0.30652972
0.30729633
0.30807956
0.30887893
0.30969388
0.31052378
