0.02617784
0.02084191
0.01612893
0.01203391
0.00855060
0.00567157
0.00338822
0.00169077
0.00056837
0.00000910
0.00000000
0.00052714
0.00157566
0.00312982
0.00517304
0.00768795
0.01065648
0.01405986
0.01787875
0.02209320
0.02668281
0.03162671
0.03690369
0.04249218
0.04837040
0.05451634
0.06090788
0.06752282
0.07433893
0.08133406
0.08848614
0.09577326
0.10317374
0.11066615
0.11822941
0.12584280
0.13348602
0.14113926
0.14878321
0.15639913
0.16396888
0.17147496
0.17890056
0.18622957
0.19344660
0.20053708
0.20748718
0.21428394
0.22091520
0.22736967
0.23363694
0.23970745
0.24557256
0.25122451
0.25665645
0.26186240
0.26683730
0.27157697
0.27607811
0.28033828
0.28435592
0.28813027
0.29166143
0.29495027
0.29799845
0.30080839
0.30338321
0.30572675
0.30784350
0.30973859
0.31141773
0.31288722
0.31415388
0.31522499
0.31610833
0.31681204
0.31734468
0.31771510
0.31793246
0.31800618
0.31794586
0.31776128
0.31746237
0.31705911
0.31656155
0.31597972
0.31532366
0.31460331
0.31382850
0.31300895
0.31215417
0.31127348
0.31037595
0.30947039
0.30856531
0.30766888
0.30678894
0.30593294
0.30510793
0.30432058
0.30357708
0.30288321
0.30224427
0.30166510
0.30115004
0.30070297
0.30032725
0.30002576
0.29980087
0.29965447
0.29958795
0.29960220
0.29969765
0.29987424
0.30013145
0.30046833
0.30088348
0.30137507
0.30194089
0.30257833
0.30328443
0.30405586
0.30488900
0.30577992
0.30672442
0.30771804
0.30875611
0.30983376
0.31094596
0.31208752
0.31325316
0.31443748
0.31563505
0.31684040
0.31804805
0.31925257
0.32044854
0.32163064
0.32279366
0.32393250
0.32504223
0.32611807
0.32715547
0.32815008
0.32909779
0.32999475
0.33083740
0.33162244
0.33234692
0.33300818
0.33360391
0.33413214
0.33459124
0.33497998
0.33529745
0.33554314
0.33571691
0.33581899
0.33584999
0.33581087
0.33570300
0.33552808
0.33528817
0.33498570
0.33462340
0.33420437
0.33373199
0.33320995
0.33264223
0.33203308
0.33138699
0.33070869
0.33000312
0.32927542
0.32853087
0.32777495
0.32701323
0.32625139
0.32549519
0.32475045
0.32402303
0.32331878
0.32264353
0.32200310
0.32140322
0.32084953
0.32034756
0.31990272
0.31952023
0.31920516
0.31896236
0.31879646
0.31871184
0.31871264
0.31880270
0.31898557
0.31926448
0.31964234
0.32012171
0.32070482
0.32139351
0.32218925
0.32309315
0.32410590
0.32522782
0.32645883
0.32779844
0.32924576
0.33079952
0.33245802
0.33421920
0.33608060
0.33803936
0.34009228
0.34223576
0.34446587
0.34677834
0.34916856
0.35163161
0.35416227
0.35675506
0.35940420
0.36210371
0.36484734
0.36762869
0.37044112
0.37327788
0.37613205
0.37899663
0.38186449
0.38472847
0.38758134
0.39041588
0.39322487
0.39600111
0.39873746
0.40142688
0.40406243
0.40663728
0.40914477
0.41157842
0.41393194
0.41619926
0.41837456
0.42045227
0.42242711
0.42429408
0.42604853
0.42768611
0.42920283
0.43059506
0.43185955
0.43299343
0.43399422
0.43485985
0.43558866
0.43617941
0.43663129
0.43694389
0.43711725
0.43715183
0.43704851
0.43680862
0.43643388
0.43592643
0.43528882
0.43452402
0.43363537
0.43262659
0.43150177
0.43026536
0.42892215
0.42747724
0.42593608
0.42430436
0.42258807
0.42079347
0.41892702
0.41699542
0.41500554
0.41296444
0.41087933
0.40875753
0.40660646
0.40443364
0.40224663
0.40005302
0.39786042
0.39567641
0.39350854
0.39136429
0.38925106
0.38717614
0.38514669
0.38316970
0.38125203
0.37940029
0.37762092
0.37592010
0.37430378
0.37277762
0.37134701
0.37001704
0.36879247
0.36767775
0.36667697
0.36579389
0.36503191
0.36439403
0.36388291
0.36350081
0.36324960
0.36313077
0.36314540
0.36329419
0.36357744
0.36399507
0.36454658
0.36523112
0.36604744
0.36699391
0.36806856
0.36926903
0.37059264
0.37203634
0.37359680
0.37527033
0.37705298
0.37894049
0.38092834
0.38301175
0.38518573
0.38744503
0.38978424
0.39219773
0.39467974
0.39722434
0.39982548
0.40247702
0.40517272
0.40790628
0.41067135
0.41346156
0.41627053
0.41909189
0.42191932
0.42474654
0.42756733
0.43037558
0.43316528
0.43593055
0.43866564
0.44136495
0.44402309
0.44663482
0.44919512
0.45169918
0.45414241
0.45652046
0.45882925
0.46106493
0.46322393
0.46530294
0.46729897
0.46920926
0.47103138
0.47276318
0.47440281
0.47594872
0.47739966
0.47875467
0.48001309
0.48117456
0.48223900
0.48320662
0.48407792
0.48485367
0.48553490
0.48612291
0.48661925
0.48702570
0.48734429
0.48757726
0.48772707
0.48779637
0.48778800
0.48770496
0.48755045
0.48732776
0.48704037
0.48669184
0.48628584
0.48582615
0.48531660
0.48476111
0.48416362
0.48352811
0.48285858
0.48215905
0.48143349
0.48068589
0.47992017
0.47914022
0.47834984
0.47755278
0.47675270
0.47595315
0.47515757
0.47436929
0.47359150
0.47282726
0.47207948
0.47135091
0.47064415
0.46996162
0.46930557
0.46867808
0.46808104
0.46751615
0.46698493
0.46648871
0.46602863
0.46560561
0.46522043
0.46487363
0.46456559
0.46429650
0.46406636
0.46387499
0.46372205
0.46360700
0.46352916
0.46348769
0.46348158
0.46350970
0.46357075
0.46366333
0.46378590
0.46393682
0.46411433
0.46431658
0.46454165
0.46478752
0.46505211
0.46533330
0.46562890
0.46593669
0.46625443
0.46657986
0.46691070
0.46724468
0.46757955
0.46791307
0.46824304
0.46856728
0.46888366
0.46919014
0.46948469
0.46976539
0.47003039
0.47027790
0.47050626
0.47071387
0.47089926
0.47106105
0.47119797
0.47130889
0.47139276
0.47144868
0.47147588
0.47147367
0.47144155
0.47137910
0.47128604
0.47116224
0.47100767
0.47082243
0.47060675
0.47036100
0.47008563
0.46978125
0.46944855
0.46908834
0.46870154
0.46828917
0.46785234
0.46739226
0.46691021
0.46640756
0.46588576
0.46534632
0.46479081
0.46422084
0.46363810
0.46304431
0.46244120
0.46183057
0.46121420
0.46059391
0.45997152
0.45934886
0.45872773
0.45810995
0.45749730
0.45689154
0.45629441
0.45570760
0.45513276
0.45457150
0.45402538
0.45349591
0.45298451
0.45249256
0.45202137
0.45157218
0.45114614
0.45074434
0.45036777
0.45001736
0.44969395
0.44939827
0.44913100
0.44889272
0.44868391
0.44850499
0.44835625
0.44823795
0.44815022
0.44809312
0.44806665
0.44807069
0.44810508
0.44816957
0.44826383
0.44838747
0.44854004
0.44872101
0.44892980
0.44916578
0.44942827
0.44971652
0.45002977
0.45036720
0.45072795
0.45111114
0.45151586
0.45194119
0.45238617
0.45284984
0.45333122
0.45382935
0.45434323
0.45487190
0.45541438
0.45596970
0.45653692
0.45711510
0.45770334
0.45830074
0.45890644
0.45951960
0.46013942
0.46076511
0.46139594
0.46203120
0.46267022
0.46331238
0.46395708
0.46460378
0.46525196
0.46590115
0.46655093
0.46720090
0.46785072
0.46850007
0.46914869
0.46979633
0.47044280
0.47108794
0.47173161
0.47237371
0.47301416
0.47365292
0.47428997
0.47492531
0.47555896
0.47619095
0.47682134
0.47745019
0.47807757
0.47870357
0.47932826
0.47995173
0.48057408
0.48119536
0.48181567
0.48243506
0.48305359
0.48367130
0.48428820
0.48490432
0.48551963
0.48613410
0.48674767
0.48736026
0.48797177
0.48858204
0.48919092
0.48979823
0.49040372
0.49100716
0.49160826
0.49220671
0.49280217
0.49339426
0.49398259
0.49456672
0.49514621
0.49572058
0.49628931
0.49685188
0.49740775
0.49795634
0.49849707
0.49902934
0.49955253
0.50006603
0.50056919
0.50106139
0.50154199
0.50201034
0.50246582
0.50290778
0.50333562
0.50374872
0.50414650
0.50452836
0.50489376
0.50524217
0.50557309
0.50588602
0.50618054
0.50645623
0.50671273
0.50694968
0.50716681
0.50736386
0.50754064
0.50769698
0.50783277
0.50794797
0.50804256
0.50811660
0.50817017
0.50820344
0.50821661
0.50820995
0.50818377
0.50813843
0.50807437
0.50799207
0.50789204
0.50777487
0.50764118
0.50749165
0.50732701
0.50714802
0.50695548
0.50675024
0.50653318
0.50630522
0.50606731
0.50582042
0.50556556
0.50530373
0.50503599
0.50476339
0.50448698
0.50420785
0.50392707
0.50364571
0.50336485
0.50308554
0.50280884
0.50253579
0.50226740
0.50200466
0.50174855
0.50150000
0.50125991
0.50102915
0.50080855
0.50059888
0.50040090
0.50021528
0.50004267
0.49988365
0.49973874
0.49960842
0.49949310
0.49939311
0.49930877
0.49924027
0.49918779
0.49915142
0.49913118
0.49912703
0.49913889
0.49916657
0.49920985
0.49926843
0.49934195
0.49943001
0.49953212
0.49964775
0.49977631
0.49991717
0.50006964
0.50023297
0.50040639
0.50058908
0.50078018
0.50097879
0.50118400
0.50139484
0.50161035
0.50182954
0.50205140
0.50227491
0.50249905
0.50272279
0.50294511
0.50316499
0.50338142
0.50359341
0.50379998
0.50400018
0.50419309
0.50437781
0.50455349
0.50471930
0.50487446
0.50501824
0.50514995
0.50526895
0.50537467
0.50546659
0.50554422
0.50560718
0.50565513
0.50568778
0.50570493
0.50570644
0.50569223
0.50566231
0.50561673
0.50555564
0.50547925
0.50538782
0.50528170
0.50516130
0.50502710
0.50487964
0.50471953
0.50454743
0.50436407
0.50417022
0.50396674
0.50375449
0.50353441
0.50330748
0.50307471
0.50283717
0.50259593
0.50235212
0.50210687
0.50186135
0.50161673
0.50137420
0.50113496
0.50090021
0.50067115
0.50044897
0.50023486
0.50002997
0.49983545
0.49965244
0.49948201
0.49932523
0.49918313
0.49905668
0.49894684
0.49885447
0.49878043
0.49872550
0.49869039
0.49867578
0.49868225
0.49871034
0.49876052
0.49883316
0.49892859
0.49904705
0.49918871
0.49935366
0.49954191
0.49975340
0.49998799
0.50024545
0.50052549
0.50082774
0.50115175
0.50149699
0.50186287
0.50224873
0.50265382
0.50307736
0.50351846
0.50397622
0.50444965
0.50493770
0.50543930
0.50595330
0.50647853
0.50701376
0.50755775
0.50810921
0.50866682
0.50922926
0.50979517
0.51036318
0.51093193
0.51150003
0.51206611
0.51262880
0.51318674
0.51373858
0.51428301
0.51481871
0.51534442
0.51585890
0.51636095
0.51684940
0.51732314
0.51778111
0.51822229
0.51864572
0.51905050
0.51943580
0.51980084
0.52014493
0.52046742
0.52076776
0.52104545
0.52130007
0.52153130
0.52173887
0.52192259
0.52208236
0.52221815
0.52233001
0.52241807
0.52248254
0.52252369
0.52254189
0.52253756
0.52251119
0.52246338
0.52239474
0.52230598
0.52219787
0.52207122
0.52192692
0.52176590
0.52158914
0.52139766
0.52119253
0.52097486
0.52074579
0.52050648
0.52025813
0.52000196
0.51973920
0.51947109
0.51919889
0.51892385
0.51864722
0.51837027
0.51809422
0.51782032
0.51754975
0.51728372
0.51702338
0.51676986
0.51652427
0.51628765
0.51606104
0.51584539
0.51564165
0.51545069
0.51527334
0.51511035
0.51496246
0.51483030
0.51471446
0.51461549
0.51453383
0.51446989
0.51442400
0.51439642
0.51438736
0.51439693
0.51442521
0.51447219
0.51453780
0.51462190
0.51472429
0.51484472
0.51498285
0.51513831
0.51531066
0.51549939
0.51570396
0.51592378
0.51615818
0.51640649
0.51666796
0.51694183
0.51722729
0.51752349
0.51782958
0.51814465
0.51846780
0.51879808
0.51913456
0.51947627
0.51982226
0.52017155
0.52052318
0.52087619
0.52122963
0.52158254
0.52193401
0.52228312
0.52262899
0.52297075
0.52330756
0.52363862
0.52396316
0.52428043
0.52458974
0.52489042
0.52518186
0.52546349
0.52573477
0.52599523
0.52624444
0.52648200
0.52670758
0.52692091
0.52712175
0.52730992
0.52748530
0.52764780
0.52779739
0.52793410
0.52805801
0.52816923
0.52826792
0.52835431
0.52842865
0.52849124
0.52854241
0.52858255
0.52861206
0.52863141
0.52864105
0.52864152
0.52863333
0.52861704
0.52859325
0.52856254
0.52852552
0.52848282
0.52843508
0.52838293
0.52832701
0.52826798
0.52820648
0.52814313
0.52807857
0.52801342
0.52794828
0.52788375
0.52782038
0.52775873
0.52769932
0.52764267
0.52758923
0.52753946
0.52749376
0.52745253
0.52741610
0.52738480
0.52735890
0.52733863
0.52732421
0.52731579
0.52731351
0.52731744
0.52732765
0.52734413
0.52736687
0.52739580
0.52743081
0.52747177
0.52751851
0.52757083
0.52762847
0.52769119
0.52775867
0.52783059
0.52790661
0.52798635
0.52806942
0.52815540
0.52824386
0.52833436
0.52842644
0.52851963
0.52861347
0.52870747
0.52880116
0.52889406
0.52898570
0.52907560
0.52916330
0.52924836
0.52933035
0.52940884
0.52948343
0.52955374
0.52961941
0.52968011
0.52973553
0.52978540
0.52982946
0.52986750
0.52989933
0.52992481
0.52994382
0.52995628
0.52996216
0.52996145
0.52995419
0.52994044
0.52992034
0.52989402
0.52986168
0.52982354
0.52977988
0.52973100
0.52967723
0.52961895
0.52955657
0.52949052
0.52942127
0.52934933
0.52927522
0.52919949
0.52912272
0.52904550
0.52896844
0.52889217
0.52881734
0.52874461
0.52867463
0.52860808
0.52854562
0.52848793
0.52843569
0.52838955
0.52835018
0.52831822
0.52829430
0.52827904
0.52827304
0.52827687
0.52829110
0.52831624
0.52835279
0.52840122
0.52846195
0.52853540
0.52862191
0.52872180
0.52883536
0.52896283
0.52910438
0.52926018
