0.04304450
0.03683463
0.03113609
0.02594436
0.02125389
0.01705811
0.01334941
0.01011924
0.00735810
0.00505559
0.00320042
0.00178052
0.00078301
0.00019427
0.00000000
0.00018524
0.00073445
0.00163153
0.00285988
0.00440247
0.00624186
0.00836028
0.01073968
0.01336176
0.01620805
0.01925995
0.02249878
0.02590587
0.02946255
0.03315024
0.03695050
0.04084507
0.04481593
0.04884533
0.05291584
0.05701041
0.06111241
0.06520563
0.06927438
0.07330348
0.07727833
0.08118491
0.08500983
0.08874035
0.09236441
0.09587065
0.09924843
0.10248786
0.10557979
0.10851584
0.11128842
0.11389072
0.11631671
0.11856117
0.12061967
0.12248856
0.12416498
0.12564686
0.12693288
0.12802249
0.12891587
0.12961395
0.13011833
0.13043132
0.13055588
0.13049562
0.13025476
0.12983810
0.12925099
0.12849930
0.12758942
0.12652817
0.12532281
0.12398097
0.12251066
0.12092020
0.11921818
0.11741343
0.11551501
0.11353212
0.11147411
0.10935041
0.10717053
0.10494396
0.10268020
0.10038869
0.09807879
0.09575974
0.09344060
0.09113027
0.08883743
0.08657050
0.08433765
0.08214673
0.08000526
0.07792043
0.07589906
0.07394755
0.07207192
0.07027776
0.06857022
0.06695398
0.06543327
0.06401185
0.06269301
0.06147953
0.06037372
0.05937740
0.05849190
0.05771807
0.05705626
0.05650637
0.05606782
0.05573957
0.05552015
0.05540764
0.05539970
0.05549362
0.05568626
0.05597414
0.05635342
0.05681996
0.05736928
0.05799664
0.05869704
0.05946524
0.06029580
0.06118310
0.06212135
0.06310464
0.06412695
0.06518220
0.06626424
0.06736690
0.06848403
0.06960949
0.07073721
0.07186119
0.07297554
0.07407449
0.07515245
0.07620398
0.07722384
0.07820701
0.07914873
0.08004445
0.08088994
0.08168122
0.08241465
0.08308687
0.08369488
0.08423600
0.08470791
0.08510864
0.08543658
0.08569049
0.08586950
0.08597311
0.08600120
0.08595401
0.08583214
0.08563656
0.08536860
0.08502994
0.08462258
0.08414888
0.08361150
0.08301341
0.08235786
0.08164840
0.08088883
0.08008318
0.07923573
0.07835096
0.07743352
0.07648825
0.07552013
0.07453426
0.07353585
0.07253019
0.07152263
0.07051854
0.06952333
0.06854239
0.06758107
0.06664467
0.06573841
0.06486744
0.06403674
0.06325119
0.06251549
0.06183417
0.06121154
0.06065172
0.06015858
0.05973572
0.05938652
0.05911402
0.05892102
0.05880998
0.05878304
0.05884204
0.05898846
0.05922344
0.05954779
0.05996195
0.06046600
0.06105968
0.06174237
0.06251307
0.06337046
0.06431283
0.06533817
0.06644410
0.06762791
0.06888658
0.07021678
0.07161485
0.07307689
0.07459868
0.07617576
0.07780344
0.07947677
0.08119062
0.08293965
0.08471836
0.08652108
0.08834201
0.09017527
0.09201483
0.09385465
0.09568860
0.09751055
0.09931435
0.10109388
0.10284306
0.10455585
0.10622634
0.10784869
0.10941719
0.11092630
0.11237063
0.11374499
0.11504439
0.11626406
0.11739950
0.11844645
0.11940092
0.12025923
0.12101799
0.12167414
0.12222495
0.12266802
0.12300130
0.12322313
0.12333216
0.12332746
0.12320846
0.12297496
0.12262714
0.12216559
0.12159124
0.12090544
0.12010988
0.11920663
0.11819815
0.11708724
0.11587703
0.11457102
0.11317303
0.11168720
0.11011797
0.10847008
0.10674852
0.10495859
0.10310578
0.10119584
0.09923473
0.09722857
0.09518369
0.09310654
0.09100371
0.08888190
0.08674789
0.08460853
0.08247073
0.08034138
0.07822742
0.07613573
0.07407317
0.07204651
0.07006247
0.06812762
0.06624843
0.06443121
0.06268211
0.06100707
0.05941185
0.05790197
0.05648271
0.05515910
0.05393589
0.05281754
0.05180821
0.05091175
0.05013169
0.04947120
0.04893313
0.04851997
0.04823384
0.04807651
0.04804936
0.04815340
0.04838928
0.04875726
0.04925721
0.04988864
0.05065068
0.05154209
0.05256126
0.05370623
0.05497467
0.05636392
0.05787098
0.05949253
0.06122492
0.06306422
0.06500619
0.06704632
0.06917986
0.07140177
0.07370683
0.07608958
0.07854437
0.08106537
0.08364659
0.08628191
0.08896508
0.09168974
0.09444947
0.09723775
0.10004806
0.10287382
0.10570846
0.10854542
0.11137819
0.11420029
0.11700533
0.11978699
0.12253909
0.12525554
0.12793042
0.13055796
0.13313255
0.13564879
0.13810149
0.14048565
0.14279652
0.14502959
0.14718061
0.14924558
0.15122079
0.15310279
0.15488844
0.15657489
0.15815959
0.15964029
0.16101506
0.16228227
0.16344062
0.16448910
0.16542704
0.16625405
0.16697009
0.16757538
0.16807048
0.16845623
0.16873375
0.16890446
0.16897005
0.16893247
0.16879393
0.16855689
0.16822406
0.16779834
0.16728287
0.16668099
0.16599622
0.16523225
0.16439293
0.16348228
0.16250442
0.16146360
0.16036418
0.15921059
0.15800735
0.15675901
0.15547019
0.15414552
0.15278964
0.15140720
0.15000281
0.14858107
0.14714651
0.14570361
0.14425679
0.14281034
0.14136850
0.13993537
0.13851493
0.13711103
0.13572736
0.13436748
0.13303476
0.13173242
0.13046348
0.12923080
0.12803701
0.12688456
0.12577571
0.12471249
0.12369672
0.12273002
0.12181378
0.12094918
0.12013718
0.11937851
0.11867372
0.11802311
0.11742677
0.11688461
0.11639631
0.11596136
0.11557904
0.11524846
0.11496853
0.11473801
0.11455545
0.11441928
0.11432774
0.11427895
0.11427089
0.11430141
0.11436824
0.11446901
0.11460124
0.11476239
0.11494981
0.11516082
0.11539265
0.11564251
0.11590756
0.11618497
0.11647185
0.11676535
0.11706259
0.11736076
0.11765702
0.11794861
0.11823281
0.11850694
0.11876841
0.11901469
0.11924333
0.11945199
0.11963840
0.11980043
0.11993602
0.12004325
0.12012034
0.12016561
0.12017751
0.12015466
0.12009578
0.11999977
0.11986564
0.11969259
0.11947992
0.11922712
0.11893382
0.11859979
0.11822495
0.11780940
0.11735334
0.11685715
0.11632134
0.11574656
0.11513362
0.11448342
0.11379702
0.11307561
0.11232048
0.11153304
0.11071482
0.10986745
0.10899265
0.10809225
0.10716814
0.10622230
0.10525681
0.10427378
0.10327538
0.10226387
0.10124150
0.10021061
0.09917354
0.09813266
0.09709037
0.09604905
0.09501111
0.09397895
0.09295496
0.09194150
0.09094093
0.08995557
0.08898769
0.08803954
0.08711331
0.08621115
0.08533514
0.08448730
0.08366959
0.08288389
0.08213203
0.08141572
0.08073662
0.08009630
0.07949622
0.07893779
0.07842228
0.07795091
0.07752477
0.07714486
0.07681211
0.07652730
0.07629116
0.07610428
0.07596718
0.07588027
0.07584384
0.07585813
0.07592323
0.07603917
0.07620588
0.07642319
0.07669084
0.07700848
0.07737569
0.07779194
0.07825665
0.07876914
0.07932867
0.07993440
0.08058546
0.08128088
0.08201964
0.08280067
0.08362283
0.08448493
0.08538573
0.08632394
0.08729825
0.08830727
0.08934960
0.09042381
0.09152843
0.09266195
0.09382287
0.09500963
0.09622068
0.09745446
0.09870937
0.09998381
0.10127620
0.10258491
0.10390835
0.10524491
0.10659299
0.10795099
0.10931731
0.11069039
0.11206864
0.11345051
0.11483447
0.11621898
0.11760253
0.11898365
0.12036086
0.12173271
0.12309779
0.12445470
0.12580207
0.12713854
0.12846280
0.12977356
0.13106957
0.13234958
0.13361239
0.13485684
0.13608178
0.13728612
0.13846877
0.13962871
0.14076491
0.14187642
0.14296229
0.14402164
0.14505358
0.14605730
0.14703200
0.14797694
0.14889139
0.14977469
0.15062619
0.15144530
0.15223146
0.15298415
0.15370290
0.15438727
0.15503686
0.15565133
0.15623037
0.15677372
0.15728114
0.15775247
0.15818757
0.15858635
0.15894876
0.15927482
0.15956456
0.15981808
0.16003552
0.16021707
0.16036294
0.16047343
0.16054886
0.16058958
0.16059602
0.16056865
0.16050795
0.16041450
0.16028887
0.16013170
0.15994369
0.15972555
0.15947804
0.15920197
0.15889818
0.15856756
0.15821103
0.15782952
0.15742405
0.15699561
0.15654527
0.15607409
0.15558320
0.15507370
0.15454676
0.15400355
0.15344526
0.15287309
0.15228827
0.15169202
0.15108558
0.15047019
0.14984711
0.14921757
0.14858282
0.14794410
0.14730264
0.14665965
0.14601635
0.14537391
0.14473350
0.14409627
0.14346334
0.14283580
0.14221470
0.14160108
0.14099592
0.14040018
0.13981476
0.13924054
0.13867832
0.13812890
0.13759298
0.13707125
0.13656431
0.13607274
0.13559704
0.13513767
0.13469500
0.13426938
0.13386108
0.13347030
0.13309720
0.13274186
0.13240431
0.13208452
0.13178239
0.13149777
0.13123044
0.13098013
0.13074651
0.13052920
0.13032775
0.13014168
0.12997043
0.12981343
0.12967004
0.12953957
0.12942131
0.12931450
0.12921835
0.12913202
0.12905467
0.12898542
0.12892336
0.12886758
0.12881715
0.12877110
0.12872850
0.12868838
0.12864979
0.12861177
0.12857338
0.12853367
0.12849174
0.12844669
0.12839762
0.12834370
0.12828410
0.12821804
0.12814475
0.12806354
0.12797372
0.12787469
0.12776587
0.12764673
0.12751681
0.12737571
0.12722306
0.12705858
0.12688204
0.12669328
0.12649220
0.12627876
0.12605300
0.12581502
0.12556500
0.12530317
0.12502985
0.12474539
0.12445026
0.12414495
0.12383004
0.12350616
0.12317402
0.12283438
0.12248805
0.12213590
0.12177886
0.12141791
0.12105408
0.12068842
0.12032206
0.11995613
0.11959182
0.11923035
0.11887294
0.11852086
0.11817539
0.11783780
0.11750942
0.11719153
0.11688545
0.11659247
0.11631388
0.11605097
0.11580499
0.11557718
0.11536876
0.11518089
0.11501473
0.11487137
0.11475188
0.11465727
0.11458850
0.11454646
0.11453201
0.11454593
0.11458892
0.11466165
0.11476467
0.11489850
0.11506356
0.11526018
0.11548864
0.11574912
0.11604172
0.11636645
0.11672324
0.11711193
0.11753228
0.11798396
0.11846656
0.11897958
0.11952243
0.12009445
0.12069488
0.12132291
0.12197763
0.12265805
0.12336313
0.12409174
0.12484269
0.12561473
0.12640655
0.12721677
0.12804397
0.12888668
0.12974340
0.13061255
0.13149255
0.13238179
0.13327860
0.13418134
0.13508830
0.13599781
0.13690815
0.13781763
0.13872454
0.13962721
0.14052396
0.14141313
0.14229310
0.14316227
0.14401906
0.14486197
0.14568950
0.14650022
0.14729275
0.14806576
0.14881800
0.14954824
0.15025538
0.15093834
0.15159614
0.15222786
0.15283268
0.15340985
0.15395871
0.15447867
0.15496925
0.15543005
0.15586075
0.15626114
0.15663108
0.15697054
0.15727956
0.15755829
0.15780695
0.15802588
0.15821547
0.15837622
0.15850870
0.15861356
0.15869155
0.15874347
0.15877020
0.15877271
0.15875200
0.15870917
0.15864535
0.15856174
0.15845959
0.15834018
0.15820487
0.15805502
0.15789203
0.15771735
0.15753242
0.15733872
0.15713775
0.15693100
0.15671996
0.15650615
0.15629104
0.15607612
0.15586285
0.15565268
0.15544701
0.15524725
0.15505473
0.15487076
0.15469663
0.15453353
0.15438265
0.15424510
0.15412193
0.15401413
0.15392263
0.15384830
0.15379192
0.15375421
0.15373581
0.15373729
0.15375915
0.15380178
0.15386552
0.15395062
0.15405725
0.15418549
0.15433536
0.15450677
0.15469956
0.15491352
0.15514832
0.15540357
0.15567882
0.15597352
0.15628708
0.15661882
0.15696799
0.15733380
0.15771539
0.15811184
0.15852218
0.15894538
0.15938040
0.15982611
0.16028139
0.16074504
0.16121588
0.16169266
0.16217414
0.16265905
0.16314612
0.16363406
0.16412158
0.16460739
0.16509023
0.16556881
0.16604188
0.16650822
0.16696661
0.16741586
0.16785482
0.16828238
0.16869746
0.16909901
0.16948605
0.16985764
0.17021288
0.17055093
0.17087103
0.17117245
0.17145453
0.17171667
0.17195836
0.17217912
0.17237856
0.17255635
0.17271225
0.17284606
0.17295768
0.17304705
0.17311420
0.17315923
0.17318230
0.17318365
0.17316358
0.17312245
0.17306070
0.17297881
0.17287735
0.17275692
0.17261819
0.17246188
0.17228876
0.17209965
0.17189542
0.17167696
0.17144523
0.17120119
0.17094586
0.17068028
0.17040551
0.17012262
0.16983272
0.16953691
0.16923633
0.16893209
0.16862532
0.16831714
0.16800869
0.16770106
0.16739535
0.16709265
0.16679402
0.16650049
0.16621307
0.16593275
0.16566047
0.16539714
0.16514365
0.16490082
0.16466944
0.16445027
0.16424398
0.16405125
0.16387265
0.16370875
0.16356001
0.16342690
0.16330977
0.16320897
0.16312474
0.16305731
0.16300683
0.16297339
0.16295703
0.16295774
0.16297543
0.16300998
0.16306122
0.16312891
0.16321275
0.16331243
0.16342756
0.16355771
0.16370241
0.16386115
0.16403339
0.16421853
0.16441596
0.16462502
0.16484504
0.16507531
0.16531510
0.16556367
0.16582025
0.16608406
0.16635431
0.16663020
0.16691095
0.16719573
0.16748375
0.16777422
0.16806634
0.16835934
0.16865243
0.16894489
0.16923597
0.16952496
0.16981117
0.17009395
0.17037265
0.17064667
0.17091545
0.17117843
0.17143513
0.17168507
0.17192783
0.17216302
0.17239030
0.17260935
0.17281993
0.17302180
0.17321480
0.17339880
0.17357370
0.17373946
0.17389608
0.17404360
0.17418211
0.17431174
0.17443264
0.17454503
0.17464914
0.17474526
0.17483371
0.17491484
0.17498902
0.17505667
0.17511822
0.17517415
0.17522494
0.17527110
0.17531316
0.17535167
0.17538718
0.17542027
0.17545151
0.17548150
0.17551082
0.17554005
0.17556980
0.17560064
0.17563315
