0.06779800
0.05938449
0.05154412
0.04427723
0.03758291
0.03145906
0.02590237
0.02090839
0.01647150
0.01258495
0.00924091
0.00643047
0.00414368
0.00236960
0.00109632
0.00031103
0.00000000
0.00014871
0.00074184
0.00176331
0.00319639
0.00502369
0.00722725
0.00978857
0.01268870
0.01590824
0.01942748
0.02322636
0.02728461
0.03158177
0.03609724
0.04081037
0.04570048
0.05074695
0.05592926
0.06122704
0.06662014
0.07208867
0.07761306
0.08317409
0.08875299
0.09433141
0.09989154
0.10541611
0.11088844
0.11629246
0.12161281
0.12683477
0.13194441
0.13692851
0.14177467
0.14647126
0.15100752
0.15537350
0.15956013
0.16355919
0.16736338
0.17096624
0.17436223
0.17754669
0.18051584
0.18326679
0.18579753
0.18810689
0.19019457
0.19206110
0.19370781
0.19513684
0.19635108
0.19735419
0.19815053
0.19874515
0.19914375
0.19935266
0.19937879
0.19922961
0.19891310
0.19843770
0.19781231
0.19704620
0.19614899
0.19513063
0.19400132
0.19277148
0.19145171
0.19005276
0.18858545
0.18706066
0.18548928
0.18388215
0.18225006
0.18060364
0.17895340
0.17730965
0.17568243
0.17408157
0.17251653
0.17099650
0.16953024
0.16812617
0.16679223
0.16553596
0.16436438
0.16328405
0.16230099
0.16142070
0.16064812
0.15998765
0.15944309
0.15901768
0.15871406
0.15853430
0.15847984
0.15855157
0.15874978
0.15907416
0.15952384
0.16009738
0.16079278
0.16160753
0.16253854
0.16358227
0.16473466
0.16599117
0.16734686
0.16879634
0.17033381
0.17195315
0.17364785
0.17541113
0.17723590
0.17911484
0.18104041
0.18300487
0.18500034
0.18701883
0.18905225
0.19109246
0.19313130
0.19516064
0.19717239
0.19915853
0.20111116
0.20302253
0.20488507
0.20669139
0.20843436
0.21010710
0.21170302
0.21321586
0.21463967
0.21596887
0.21719829
0.21832312
0.21933900
0.22024199
0.22102860
0.22169582
0.22224110
0.22266237
0.22295805
0.22312707
0.22316883
0.22308326
0.22287078
0.22253228
0.22206917
0.22148333
0.22077714
0.21995341
0.21901542
0.21796692
0.21681203
0.21555533
0.21420177
0.21275666
0.21122569
0.20961485
0.20793044
0.20617906
0.20436755
0.20250297
0.20059259
0.19864385
0.19666435
0.19466178
0.19264393
0.19061865
0.18859380
0.18657726
0.18457685
0.18260036
0.18065545
0.17874970
0.17689051
0.17508512
0.17334056
0.17166363
0.17006088
0.16853858
0.16710270
0.16575888
0.16451243
0.16336827
0.16233096
0.16140466
0.16059310
0.15989962
0.15932708
0.15887791
0.15855409
0.15835713
0.15828806
0.15834745
0.15853541
0.15885154
0.15929500
0.15986448
0.16055819
0.16137390
0.16230892
0.16336015
0.16452403
0.16579661
0.16717355
0.16865012
0.17022123
0.17188145
0.17362502
0.17544589
0.17733773
0.17929394
0.18130771
0.18337201
0.18547963
0.18762322
0.18979529
0.19198824
0.19419443
0.19640614
0.19861566
0.20081527
0.20299730
0.20515416
0.20727832
0.20936239
0.21139914
0.21338148
0.21530254
0.21715567
0.21893445
0.22063275
0.22224471
0.22376478
0.22518775
0.22650875
0.22772326
0.22882716
0.22981671
0.23068857
0.23143982
0.23206797
0.23257095
0.23294714
0.23319536
0.23331486
0.23330537
0.23316705
0.23290049
0.23250676
0.23198734
0.23134414
0.23057951
0.22969622
0.22869741
0.22758663
0.22636783
0.22504529
0.22362365
0.22210788
0.22050325
0.21881534
0.21704998
0.21521328
0.21331155
0.21135131
0.20933928
0.20728231
0.20518740
0.20306167
0.20091230
0.19874653
0.19657166
0.19439498
0.19222375
0.19006521
0.18792653
0.18581477
0.18373690
0.18169974
0.17970994
0.17777399
0.17589815
0.17408848
0.17235078
0.17069058
0.16911316
0.16762348
0.16622619
0.16492562
0.16372576
0.16263025
0.16164238
0.16076506
0.16000083
0.15935184
0.15881987
0.15840630
0.15811211
0.15793791
0.15788392
0.15794995
0.15813544
0.15843945
0.15886069
0.15939746
0.16004775
0.16080919
0.16167907
0.16265437
0.16373176
0.16490762
0.16617806
0.16753892
0.16898581
0.17051412
0.17211901
0.17379549
0.17553838
0.17734236
0.17920201
0.18111176
0.18306601
0.18505905
0.18708518
0.18913865
0.19121371
0.19330466
0.19540583
0.19751161
0.19961648
0.20171503
0.20380196
0.20587213
0.20792054
0.20994237
0.21193300
0.21388800
0.21580317
0.21767453
0.21949836
0.22127119
0.22298980
0.22465125
0.22625289
0.22779234
0.22926752
0.23067665
0.23201822
0.23329105
0.23449423
0.23562717
0.23668955
0.23768136
0.23860287
0.23945463
0.24023744
0.24095240
0.24160084
0.24218434
0.24270472
0.24316402
0.24356447
0.24390853
0.24419880
0.24443808
0.24462931
0.24477555
0.24487999
0.24494592
0.24497671
0.24497579
0.24494666
0.24489283
0.24481783
0.24472517
0.24461837
0.24450088
0.24437610
0.24424737
0.24411792
0.24399090
0.24386932
0.24375605
0.24365382
0.24356521
0.24349260
0.24343820
0.24340402
0.24339187
0.24340332
0.24343975
0.24350228
0.24359182
0.24370903
0.24385431
0.24402785
0.24422956
0.24445912
0.24471596
0.24499927
0.24530799
0.24564084
0.24599630
0.24637263
0.24676788
0.24717988
0.24760627
0.24804450
0.24849187
0.24894548
0.24940231
0.24985918
0.25031282
0.25075983
0.25119674
0.25161999
0.25202597
0.25241103
0.25277151
0.25310373
0.25340404
0.25366882
0.25389447
0.25407751
0.25421450
0.25430212
0.25433718
0.25431661
0.25423751
0.25409713
0.25389292
0.25362253
0.25328380
0.25287483
0.25239393
0.25183967
0.25121089
0.25050669
0.24972645
0.24886983
0.24793679
0.24692759
0.24584278
0.24468324
0.24345011
0.24214488
0.24076933
0.23932554
0.23781589
0.23624306
0.23461003
0.23292003
0.23117661
0.22938355
0.22754490
0.22566495
0.22374822
0.22179945
0.21982359
0.21782576
0.21581126
0.21378554
0.21175419
0.20972292
0.20769752
0.20568388
0.20368792
0.20171563
0.19977297
0.19786593
0.19600046
0.19418246
0.19241774
0.19071205
0.18907100
0.18750006
0.18600456
0.18458963
0.18326023
0.18202107
0.18087663
0.17983114
0.17888856
0.17805255
0.17732646
0.17671333
0.17621585
0.17583637
0.17557687
0.17543898
0.17542392
0.17553254
0.17576529
0.17612223
0.17660299
0.17720681
0.17793253
0.17877856
0.17974292
0.18082322
0.18201666
0.18332008
0.18472989
0.18624216
0.18785258
0.18955649
0.19134887
0.19322439
0.19517741
0.19720199
0.19929191
0.20144069
0.20364162
0.20588776
0.20817199
0.21048700
0.21282535
0.21517945
0.21754164
0.21990415
0.22225920
0.22459895
0.22691558
0.22920130
0.23144839
0.23364918
0.23579614
0.23788186
0.23989911
0.24184081
0.24370015
0.24547050
0.24714554
0.24871921
0.25018577
0.25153980
0.25277624
0.25389041
0.25487800
0.25573513
0.25645832
0.25704455
0.25749125
0.25779630
0.25795809
0.25797546
0.25784776
0.25757484
0.25715707
0.25659530
0.25589091
0.25504579
0.25406233
0.25294343
0.25169249
0.25031340
0.24881054
0.24718877
0.24545341
0.24361023
0.24166543
0.23962565
0.23749793
0.23528967
0.23300867
0.23066306
0.22826129
0.22581210
0.22332454
0.22080786
0.21827157
0.21572536
0.21317908
0.21064275
0.20812646
0.20564041
0.20319484
0.20080000
0.19846616
0.19620352
0.19402221
0.19193230
0.18994367
0.18806609
0.18630912
0.18468209
0.18319410
0.18185397
0.18067023
0.17965106
0.17880431
0.17813744
0.17765753
0.17737120
0.17728468
0.17740369
0.17773352
0.17827892
0.17904415
0.18003296
0.18124853
0.18269353
0.18437004
0.18627961
0.18842320
0.19080121
0.19341344
0.19625916
0.19933702
0.20264513
0.20618103
0.20994167
0.21392349
0.21812237
0.22253363
0.22715212
0.23197215
0.23698755
0.24219167
0.24757742
0.25313727
0.25886325
0.26474703
0.27077990
0.27695280
0.28325635
0.28968087
0.29621643
0.30285283
0.30957969
0.31638642
0.32326228
0.33019640
0.33717784
0.34419554
0.35123846
0.35829551
0.36535564
0.37240785
0.37944120
0.38644489
0.39340824
0.40032073
0.40717205
0.41395207
0.42065096
0.42725911
0.43376722
0.44016630
0.44644771
0.45260316
0.45862473
0.46450489
0.47023654
0.47581300
0.48122802
0.48647583
0.49155110
0.49644898
0.50116511
0.50569563
0.51003716
0.51418683
0.51814227
0.52190162
0.52546350
0.52882706
0.53199193
0.53495824
0.53772661
0.54029813
0.54267436
0.54485732
0.54684948
0.54865373
0.55027341
0.55171223
0.55297431
0.55406414
0.55498655
0.55574671
0.55635010
0.55680250
0.55710997
0.55727879
0.55731549
0.55722679
0.55701962
0.55670102
0.55627820
0.55575847
0.55514922
0.55445791
0.55369202
0.55285907
0.55196654
0.55102191
0.55003258
0.54900589
0.54794906
0.54686921
0.54577330
0.54466815
0.54356039
0.54245645
0.54136254
0.54028466
0.53922853
0.53819964
0.53720320
0.53624411
0.53532699
0.53445616
0.53363560
0.53286899
0.53215965
0.53151060
0.53092448
0.53040361
0.52994996
0.52956516
0.52925047
0.52900683
0.52883483
0.52873472
0.52870642
0.52874953
0.52886332
0.52904674
0.52929847
0.52961687
0.53000003
0.53044575
0.53095161
0.53151491
0.53213274
0.53280196
0.53351925
0.53428107
0.53508374
0.53592342
0.53679611
0.53769773
0.53862405
0.53957080
0.54053360
0.54150805
0.54248970
0.54347408
0.54445672
0.54543318
0.54639903
0.54734992
0.54828153
0.54918964
0.55007013
0.55091897
0.55173227
0.55250626
0.55323734
0.55392205
0.55455712
0.55513944
0.55566612
0.55613445
0.55654192
0.55688627
0.55716543
0.55737758
0.55752112
0.55759468
0.55759714
0.55752762
0.55738547
0.55717031
0.55688198
0.55652055
0.55608634
0.55557992
0.55500206
0.55435378
0.55363630
0.55285107
0.55199974
0.55108416
0.55010637
0.54906859
0.54797322
0.54682281
0.54562007
0.54436786
0.54306916
0.54172706
0.54034478
0.53892562
0.53747295
0.53599024
0.53448098
0.53294875
0.53139712
0.52982970
0.52825010
0.52666192
0.52506874
0.52347413
0.52188158
0.52029456
0.51871645
0.51715055
0.51560008
0.51406817
0.51255783
0.51107193
0.50961326
0.50818443
0.50678792
0.50542606
0.50410102
0.50281481
0.50156926
0.50036602
0.49920658
0.49809223
0.49702407
0.49600302
0.49502982
0.49410498
0.49322886
0.49240161
0.49162317
0.49089333
0.49021166
0.48957755
0.48899022
0.48844871
0.48795188
0.48749842
0.48708687
0.48671560
0.48638283
0.48608664
0.48582500
0.48559570
0.48539645
0.48522483
0.48507833
0.48495434
0.48485017
0.48476303
0.48469010
0.48462849
0.48457525
0.48452742
0.48448200
0.48443597
0.48438630
0.48433000
0.48426404
0.48418546
0.48409131
0.48397869
0.48384474
0.48368669
0.48350180
0.48328745
0.48304108
0.48276023
0.48244255
0.48208580
0.48168785
0.48124670
0.48076047
0.48022744
0.47964600
0.47901472
0.47833228
0.47759756
0.47680956
0.47596747
0.47507063
0.47411856
0.47311093
0.47204761
0.47092860
0.46975412
0.46852453
0.46724037
0.46590236
0.46451137
0.46306848
0.46157489
0.46003199
0.45844133
0.45680462
0.45512373
0.45340067
0.45163760
0.44983684
0.44800083
0.44613216
0.44423354
0.44230781
0.44035793
0.43838697
0.43639810
0.43439461
0.43237986
0.43035732
0.42833054
0.42630312
0.42427877
0.42226123
0.42025430
0.41826184
0.41628775
0.41433594
0.41241039
0.41051505
0.40865393
0.40683102
0.40505032
0.40331581
0.40163147
0.40000125
0.39842908
0.39691885
0.39547443
0.39409960
0.39279813
0.39157372
0.39042998
0.38937049
0.38839872
0.38751808
0.38673188
0.38604333
0.38545557
0.38497161
0.38459436
0.38432662
0.38417107
0.38413026
0.38420664
0.38440250
0.38472000
0.38516119
0.38572794
0.38642199
0.38724494
0.38819823
0.38928313
0.39050079
0.39185215
0.39333803
0.39495906
0.39671570
0.39860826
0.40063686
0.40280145
0.40510181
0.40753754
0.41010806
0.41281261
0.41565027
0.41861990
0.42172023
0.42494976
0.42830685
0.43178966
0.43539617
0.43912420
0.44297135
0.44693510
0.45101270
0.45520128
0.45949775
0.46389888
0.46840127
0.47300134
0.47769537
0.48247947
0.48734960
0.49230157
0.49733104
0.50243352
0.50760441
0.51283895
0.51813227
0.52347936
0.52887512
0.53431433
0.53979164
0.54530165
0.55083884
0.55639761
0.56197229
0.56755715
0.57314638
0.57873414
0.58431454
0.58988164
0.59542950
0.60095215
0.60644361
0.61189792
0.61730909
0.62267121
0.62797835
0.63322466
0.63840430
0.64351154
0.64854068
0.65348613
0.65834237
0.66310399
0.66776571
0.67232234
0.67676885
0.68110034
0.68531206
0.68939943
0.69335804
0.69718366
0.70087224
0.70441994
0.70782313
0.71107839
0.71418252
0.71713255
0.71992577
0.72255969
0.72503209
0.72734099
0.72948469
0.73146175
0.73327101
0.73491159
0.73638287
0.73768454
0.73881657
0.73977921
0.74057302
0.74119882
0.74165775
0.74195122
0.74208096
0.74204895
0.74185748
0.74150913
0.74100672
0.74035340
0.73955254
0.73860781
0.73752313
0.73630265
0.73495079
0.73347221
0.73187177
0.73015459
0.72832596
0.72639139
0.72435658
0.72222740
0.72000989
0.71771025
0.71533482
0.71289006
0.71038255
0.70781898
0.70520613
0.70255084
0.69986002
0.69714063
0.69439966
0.69164410
0.68888097
0.68611725
0.68335991
0.68061587
